3487.0 490.0 5977.0
3397.0 475.0 6015.0
3050.0 155.0 6162.0
2995.0 92.0 6097.0
3597.0 1262.0 5955.0
3567.0 925.0 5992.0
3532.0 812.0 5982.0
3527.0 2012.0 5997.0
3482.0 1910.0 5977.0
3582.0 1390.0 5982.0
3232.0 2490.0 5997.0
3262.0 2445.0 5950.0
3217.0 2517.0 5932.0
3312.0 2470.0 6010.0
3357.0 2230.0 5965.0
3397.0 2170.0 5927.0
2810.0 3010.0 5970.0
2850.0 2950.0 5955.0
3055.0 2685.0 5987.0
3145.0 2680.0 5997.0
2562.0 3042.0 5982.0
2620.0 3010.0 5970.0
2700.0 2935.0 6037.0
2725.0 2882.0 5955.0
2710.0 2995.0 5917.0
2775.0 2945.0 5932.0
2805.0 2955.0 5955.0
2950.0 2827.0 5982.0
2162.0 3420.0 5965.0
2167.0 3395.0 5960.0
2012.0 3430.0 6037.0
2147.0 3435.0 5970.0
2222.0 3347.0 5987.0
2467.0 3165.0 5955.0
2590.0 3180.0 5945.0
2187.0 3145.0 6080.0
2177.0 3137.0 6062.0
1435.0 3695.0 5922.0
1530.0 3675.0 5982.0
1855.0 3567.0 6025.0
1942.0 3500.0 5960.0
1927.0 3430.0 6062.0
1895.0 3415.0 5960.0
1900.0 3500.0 5950.0
752.0 3817.0 5960.0
837.0 3817.0 5970.0
1112.0 3802.0 5927.0
1202.0 3797.0 5900.0
110.0 3632.0 5987.0
180.0 3660.0 5977.0
345.0 3695.0 5992.0
460.0 3750.0 5977.0
-420.0 3307.0 5965.0
-330.0 3400.0 5977.0
-135.0 3522.0 5992.0
-100.0 3537.0 5937.0
-917.0 2700.0 6080.0
-852.0 2827.0 6112.0
-807.0 3012.0 6085.0
-677.0 3067.0 6047.0
-1267.0 2215.0 6102.0
-1182.0 2302.0 6112.0
-1162.0 2420.0 6150.0
-1087.0 2542.0 6117.0
-1007.0 2572.0 6162.0
-1047.0 2510.0 6102.0
-992.0 2612.0 6130.0
-992.0 2675.0 6102.0
-1385.0 1720.0 6145.0
-1365.0 1802.0 6135.0
-1267.0 2007.0 6117.0
-1315.0 2067.0 6117.0
-1350.0 1220.0 6182.0
-1360.0 1272.0 6205.0
-1410.0 1292.0 6145.0
-1415.0 1372.0 6172.0
-1415.0 1527.0 6167.0
-1435.0 1627.0 6167.0
-1330.0 782.0 6232.0
-1315.0 960.0 6195.0
-1330.0 1012.0 6182.0
-1277.0 597.0 6250.0
-1132.0 415.0 6255.0
-1112.0 200.0 6270.0
-1227.0 347.0 6227.0
-1222.0 395.0 6210.0
-1172.0 327.0 6250.0
-1077.0 272.0 6282.0
-992.0 252.0 6270.0
-1102.0 185.0 6260.0
-1032.0 2.0 6222.0
-1062.0 122.0 6255.0
-1147.0 185.0 6250.0
-832.0 112.0 6260.0
-1042.0 -62.0 6250.0
-1067.0 -27.0 6227.0
-827.0 -220.0 6265.0
-872.0 -230.0 6255.0
-827.0 -185.0 6250.0
-847.0 -440.0 6145.0
-832.0 -385.0 6182.0
-797.0 -390.0 6200.0
-807.0 -410.0 6250.0
-752.0 -380.0 6232.0
-782.0 -367.0 6222.0
-692.0 -375.0 6237.0
-712.0 -375.0 6242.0
-692.0 -522.0 6200.0
-737.0 -547.0 6205.0
-480.0 -390.0 6265.0
-415.0 -342.0 6320.0
-550.0 -347.0 6250.0
-787.0 -507.0 6190.0
-555.0 -660.0 6200.0
-635.0 -627.0 6200.0
-630.0 -612.0 6172.0
-555.0 -650.0 6210.0
-702.0 -592.0 6232.0
-560.0 -685.0 6265.0
-530.0 -705.0 6222.0
-325.0 -812.0 6217.0
-425.0 -772.0 6227.0
-235.0 -915.0 6232.0
-255.0 -895.0 6195.0
-45.0 -1000.0 6217.0
-90.0 -940.0 6237.0
-165.0 -940.0 6200.0
-35.0 -970.0 6172.0
-135.0 -880.0 6182.0
175.0 -1067.0 6227.0
170.0 -1027.0 6222.0
0.0 -1012.0 6190.0
380.0 -1127.0 6162.0
230.0 -1107.0 6150.0
320.0 -1185.0 6172.0
205.0 -1135.0 6182.0
672.0 -1195.0 6227.0
515.0 -1122.0 6190.0
525.0 -1122.0 6167.0
887.0 -1267.0 6122.0
792.0 -1255.0 6157.0
717.0 -1170.0 6190.0
1012.0 -1292.0 6135.0
932.0 -1240.0 6080.0
1440.0 -1215.0 6080.0
1635.0 -1220.0 6085.0
1825.0 -725.0 6210.0
1710.0 -842.0 6172.0
1850.0 -985.0 6200.0
1875.0 -1042.0 6150.0
2517.0 -445.0 6150.0
2407.0 -480.0 6182.0
2077.0 -562.0 6242.0
2032.0 -500.0 6270.0
1947.0 -517.0 6237.0
1905.0 -557.0 6277.0
2785.0 -170.0 6190.0
2705.0 -267.0 6177.0
