2675.0 0.0 4357.0
2650.0 102.0 4380.0
2825.0 257.0 4347.0
2880.0 190.0 4362.0
2975.0 352.0 4357.0
3015.0 470.0 4375.0
2630.0 32.0 4422.0
2815.0 205.0 4412.0
2895.0 287.0 4380.0
2995.0 445.0 4435.0
3100.0 617.0 4370.0
3125.0 630.0 4375.0
3205.0 890.0 4347.0
3217.0 940.0 4375.0
3302.0 1037.0 4357.0
3292.0 1092.0 4337.0
3357.0 950.0 4310.0
3307.0 955.0 4342.0
3332.0 960.0 4342.0
3332.0 970.0 4330.0
3367.0 985.0 4357.0
3312.0 970.0 4310.0
3312.0 925.0 4325.0
3297.0 960.0 4357.0
3307.0 930.0 4357.0
3297.0 1007.0 4320.0
3277.0 1012.0 4357.0
3312.0 1002.0 4330.0
3322.0 1135.0 4375.0
3322.0 1205.0 4320.0
3085.0 587.0 4402.0
3160.0 767.0 4390.0
3195.0 827.0 4472.0
3227.0 1112.0 4445.0
3432.0 1292.0 4370.0
3417.0 1380.0 4370.0
3457.0 1592.0 4287.0
3462.0 1635.0 4315.0
3432.0 1817.0 4325.0
3427.0 1882.0 4287.0
3462.0 1970.0 4320.0
3247.0 1240.0 4407.0
3372.0 1645.0 4320.0
3307.0 1725.0 4417.0
3417.0 2012.0 4320.0
3392.0 2127.0 4287.0
3352.0 2200.0 4352.0
3337.0 2382.0 4362.0
3287.0 2450.0 4375.0
3247.0 2562.0 4337.0
3262.0 2655.0 4352.0
3357.0 2032.0 4362.0
3387.0 2112.0 4397.0
3312.0 2317.0 4402.0
3292.0 2425.0 4362.0
3227.0 2665.0 4320.0
3217.0 2660.0 4287.0
3180.0 2812.0 4297.0
3115.0 2890.0 4330.0
3045.0 3087.0 4255.0
3050.0 3117.0 4297.0
2925.0 3292.0 4302.0
2885.0 3332.0 4310.0
3135.0 2900.0 4320.0
3065.0 3000.0 4310.0
2860.0 3317.0 4330.0
2710.0 3490.0 4292.0
2650.0 3577.0 4315.0
2397.0 3730.0 4302.0
2362.0 3817.0 4302.0
2785.0 3420.0 4320.0
2580.0 3660.0 4357.0
2482.0 3765.0 4362.0
2077.0 3990.0 4320.0
1967.0 4032.0 4325.0
1705.0 4137.0 4352.0
1595.0 4175.0 4330.0
2232.0 3915.0 4375.0
2237.0 3955.0 4347.0
1880.0 4022.0 4325.0
1795.0 4102.0 4302.0
1675.0 4150.0 4357.0
1620.0 4190.0 4342.0
1237.0 4260.0 4302.0
1207.0 4250.0 4302.0
982.0 4277.0 4347.0
902.0 4267.0 4375.0
1500.0 4215.0 4385.0
1425.0 4225.0 4357.0
1217.0 4260.0 4330.0
1157.0 4292.0 4342.0
807.0 4282.0 4320.0
667.0 4297.0 4342.0
615.0 4260.0 4342.0
250.0 4230.0 4352.0
125.0 4160.0 4390.0
100.0 4127.0 4325.0
100.0 4150.0 4347.0
125.0 4165.0 4380.0
155.0 4190.0 4337.0
90.0 4195.0 4362.0
115.0 4165.0 4385.0
105.0 4150.0 4292.0
110.0 4160.0 4325.0
105.0 4170.0 4357.0
130.0 4175.0 4357.0
50.0 4145.0 4370.0
60.0 4160.0 4357.0
20.0 4127.0 4385.0
692.0 4260.0 4380.0
440.0 4245.0 4320.0
410.0 4267.0 4342.0
240.0 4195.0 4380.0
80.0 4137.0 4347.0
-40.0 4092.0 4402.0
-190.0 4005.0 4357.0
-230.0 4010.0 4417.0
-545.0 3832.0 4362.0
-550.0 3817.0 4375.0
-85.0 4077.0 4380.0
-145.0 4077.0 4375.0
-315.0 4047.0 4430.0
-280.0 4000.0 4472.0
-230.0 3975.0 4417.0
-255.0 3975.0 4430.0
-230.0 4027.0 4390.0
-200.0 4015.0 4417.0
-240.0 3965.0 4422.0
-230.0 3970.0 4385.0
-245.0 3990.0 4357.0
-732.0 3675.0 4412.0
-842.0 3567.0 4440.0
-957.0 3450.0 4417.0
-1067.0 3357.0 4412.0
-1182.0 3210.0 4490.0
-1232.0 3145.0 4467.0
-1272.0 3000.0 4450.0
-1340.0 2960.0 4445.0
-1430.0 2777.0 4467.0
-1430.0 2705.0 4505.0
-1500.0 2577.0 4477.0
-1520.0 2547.0 4455.0
-1585.0 2377.0 4467.0
-1615.0 2317.0 4462.0
-1645.0 2195.0 4462.0
-1645.0 2150.0 4505.0
-1620.0 2072.0 4495.0
-1635.0 2027.0 4500.0
-1700.0 1877.0 4482.0
-1695.0 1777.0 4450.0
-1710.0 1705.0 4472.0
-1720.0 1630.0 4482.0
-1680.0 1475.0 4477.0
-1675.0 1435.0 4495.0
-1665.0 1235.0 4522.0
-1595.0 1257.0 4482.0
-1600.0 1012.0 4505.0
-1590.0 950.0 4500.0
-1550.0 817.0 4500.0
-1495.0 762.0 4505.0
-1440.0 645.0 4510.0
-1375.0 552.0 4510.0
-1272.0 362.0 4500.0
-1272.0 362.0 4505.0
-1162.0 230.0 4515.0
-1112.0 135.0 4482.0
-997.0 -17.0 4537.0
-1017.0 0.0 4532.0
-907.0 -92.0 4532.0
-817.0 -155.0 4505.0
-707.0 -240.0 4495.0
-647.0 -257.0 4482.0
-605.0 -312.0 4510.0
-450.0 -367.0 4435.0
-480.0 -352.0 4462.0
-500.0 -400.0 4422.0
-530.0 -415.0 4482.0
-525.0 -430.0 4435.0
-560.0 -337.0 4522.0
-375.0 -410.0 4467.0
-390.0 -400.0 4422.0
-400.0 -430.0 4472.0
-410.0 -425.0 4440.0
-385.0 -435.0 4477.0
-380.0 -430.0 4477.0
-405.0 -420.0 4527.0
-360.0 -410.0 4482.0
-420.0 -415.0 4472.0
-390.0 -385.0 4500.0
-410.0 -410.0 4450.0
-370.0 -420.0 4385.0
-355.0 -405.0 4462.0
-425.0 -430.0 4450.0
-400.0 -395.0 4495.0
-410.0 -440.0 4472.0
-410.0 -390.0 4477.0
-470.0 -410.0 4472.0
-430.0 -440.0 4462.0
-420.0 -445.0 4542.0
-450.0 -470.0 4472.0
-425.0 -440.0 4477.0
-405.0 -430.0 4472.0
-450.0 -470.0 4430.0
-415.0 -435.0 4462.0
-460.0 -410.0 4455.0
-460.0 -465.0 4462.0
-515.0 -435.0 4472.0
-480.0 -435.0 4422.0
-450.0 -430.0 4422.0
-490.0 -435.0 4440.0
-480.0 -445.0 4445.0
-465.0 -410.0 4455.0
-480.0 -470.0 4450.0
-470.0 -430.0 4445.0
-485.0 -440.0 4455.0
-430.0 -405.0 4455.0
-450.0 -400.0 4422.0
-480.0 -470.0 4455.0
-435.0 -465.0 4422.0
-405.0 -475.0 4402.0
-480.0 -445.0 4490.0
-470.0 -465.0 4532.0
-290.0 -567.0 4440.0
-265.0 -577.0 4417.0
-230.0 -537.0 4477.0
-140.0 -607.0 4495.0
-210.0 -597.0 4462.0
-80.0 -635.0 4532.0
50.0 -700.0 4477.0
85.0 -685.0 4500.0
130.0 -690.0 4445.0
225.0 -665.0 4527.0
200.0 -710.0 4505.0
225.0 -735.0 4515.0
410.0 -715.0 4450.0
390.0 -782.0 4500.0
440.0 -782.0 4472.0
410.0 -782.0 4430.0
450.0 -735.0 4467.0
590.0 -777.0 4505.0
580.0 -735.0 4505.0
490.0 -787.0 4560.0
495.0 -807.0 4515.0
465.0 -782.0 4472.0
445.0 -750.0 4477.0
470.0 -757.0 4532.0
440.0 -762.0 4450.0
430.0 -740.0 4495.0
435.0 -705.0 4510.0
445.0 -710.0 4522.0
470.0 -750.0 4510.0
475.0 -725.0 4495.0
560.0 -700.0 4515.0
657.0 -745.0 4450.0
687.0 -752.0 4422.0
610.0 -715.0 4467.0
772.0 -745.0 4467.0
972.0 -762.0 4482.0
1042.0 -757.0 4435.0
932.0 -735.0 4532.0
1142.0 -710.0 4505.0
1212.0 -740.0 4477.0
1330.0 -720.0 4435.0
1330.0 -670.0 4402.0
1495.0 -655.0 4412.0
1495.0 -635.0 4402.0
1375.0 -675.0 4455.0
1440.0 -655.0 4482.0
1755.0 -552.0 4472.0
1810.0 -572.0 4407.0
2017.0 -470.0 4407.0
2002.0 -460.0 4445.0
1635.0 -552.0 4472.0
1745.0 -567.0 4472.0
1932.0 -470.0 4467.0
1997.0 -415.0 4462.0
2132.0 -357.0 4440.0
2197.0 -342.0 4385.0
2407.0 -215.0 4390.0
2437.0 -195.0 4402.0
2297.0 -297.0 4440.0
2372.0 -225.0 4450.0
2600.0 -42.0 4440.0
